1.00 1.00 1.00 1.00 1.00 1.00 1.00 1.00    1.00 1.00 1.00 1.00 1.00 0.66 0.66 0.83
0.00 0.00 0.00 0.00 0.00 0.00 0.00 0.00    0.00 0.00 0.00 0.00 0.00 0.00 0.00 0.00
0.00 0.83 1.00 1.00 1.00 1.00 1.00 1.00    1.00 1.00 1.00 1.00 1.00 1.00 1.00 1.00

1.00 1.00 1.00 1.00 1.00 1.00 1.00 1.00    1.00 1.00 1.00 1.00 1.00 0.66 0.66 0.83
0.00 0.00 0.00 0.00 0.00 0.00 0.00 0.00    0.00 0.00 0.00 0.00 0.00 0.00 0.00 0.00
0.00 0.20 0.00 0.00 0.00 0.00 0.00 0.00    0.00 0.70 1.00 1.00 1.00 1.00 1.00 1.00

1.00 1.00 1.00 1.00 1.00 1.00 1.00 1.00    1.00 1.00 1.00 1.00 1.00 0.66 0.66 0.83
0.00 0.00 0.00 0.00 0.00 0.00 0.00 0.00    0.00 0.00 0.00 0.00 0.50 1.00 1.00 1.00
1.00 1.00 1.00 1.00 1.00 1.00 1.00 1.00    1.00 1.00 1.00 1.00 1.00 1.00 1.00 1.00

1.00 1.00 1.00 1.00 1.00 1.00 1.00 1.00    1.00 1.00 1.00 1.00 1.00 0.66 0.66 0.83
0.00 0.00 0.00 0.00 0.00 0.00 0.00 0.00    0.00 0.00 0.00 0.00 0.00 0.20 0.33 1.00
1.00 1.00 0.66 0.00 0.00 0.00 0.00 0.00    0.00 0.00 0.00 0.00 0.00 0.80 1.00 1.00

1.00 1.00 1.00 1.00 1.00 1.00 1.00 1.00    1.00 1.00 1.00 1.00 1.00 0.66 0.66 0.83
0.00 0.00 0.00 0.00 0.00 0.00 0.00 0.00    0.00 0.00 0.00 0.00 0.33 0.00 0.00 0.00
0.00 0.00 0.00 0.00 0.00 0.00 0.00 0.00    0.00 0.00 0.00 0.00 0.00 0.00 0.00 0.00 

0.00 0.00 0.00 0.00 0.00 0.00 0.00 0.00    0.00 0.00 0.00 0.00 0.00 0.00 0.00 0.00 
0.00 0.00 0.00 0.00 0.00 0.00 0.00 0.00    0.00 0.00 0.00 0.00 0.00 0.00 0.00 0.00 
0.00 0.00 0.00 0.00 0.00 0.00 0.00 0.00    0.00 0.00 0.00 0.00 0.00 0.00 0.00 0.00 

0.00 0.00 0.00 0.00 0.00 0.00 0.00 0.00    0.00 0.00 0.00 0.00 0.00 0.00 0.00 0.00 
0.00 0.00 0.00 0.00 0.00 0.00 0.00 0.00    0.00 0.00 0.00 0.00 0.00 0.00 0.00 0.00 
0.00 0.00 0.00 0.00 0.00 0.00 0.00 0.00    0.00 0.00 0.33 1.00 1.00 1.00 1.00 1.00 




1.00 1.00 1.00 1.00 1.00 1.00 1.00 1.00    1.00 1.00 1.00 1.00 1.00 0.66 0.66 0.83
0.00 0.00 0.00 0.00 0.00 0.00 0.00 0.00    0.00 0.00 0.00 0.00 0.00 0.00 0.00 0.00
0.20 0.83 1.00 1.00 1.00 1.00 1.00 1.00    1.00 1.00 1.00 1.00 1.00 1.00 1.00 1.00

1.00 1.00 1.00 1.00 1.00 1.00 1.00 1.00    1.00 1.00 1.00 1.00 1.00 1.00 1.00 1.00
1.00 1.00 0.50 0.00 0.00 0.00 0.00 0.00    0.00 0.00 0.00 0.00 0.00 0.00 0.00 0.00
0.00 0.90 1.00 1.00 1.00 1.00 1.00 1.00    1.00 1.00 1.00 1.00 1.00 1.00 1.00 1.00

1.00 1.00 1.00 1.00 1.00 1.00 1.00 1.00    1.00 1.00 1.00 1.00 1.00 0.66 0.66 0.83
0.00 0.00 0.00 0.00 0.00 0.00 0.00 0.00    0.50 1.00 1.00 1.00 1.00 1.00 1.00 1.00
1.00 1.00 1.00 1.00 1.00 1.00 1.00 1.00    1.00 1.00 1.00 1.00 1.00 1.00 1.00 1.00

1.00 1.00 1.00 1.00 1.00 1.00 1.00 1.00    1.00 1.00 1.00 1.00 1.00 0.66 0.66 0.83
0.00 0.00 0.00 0.00 0.00 0.00 0.00 0.00    0.00 0.00 0.00 0.00 0.00 0.00 0.33 1.00
1.00 1.00 0.66 0.00 0.00 0.00 0.00 0.00    0.00 0.00 0.00 0.00 0.00 0.80 1.00 1.00

1.00 1.00 1.00 1.00 1.00 1.00 1.00 1.00    1.00 1.00 1.00 1.00 1.00 0.66 0.66 0.83
0.00 0.00 0.00 0.00 0.00 0.00 0.00 0.00    0.00 0.00 0.00 0.00 0.50 1.00 1.00 1.00
1.00 1.00 1.00 0.67 0.00 0.00 0.00 0.00    0.00 0.00 0.00 0.50 1.00 1.00 1.00 1.00

1.00 1.00 1.00 1.00 1.00 1.00 1.00 1.00    1.00 1.00 1.00 1.00 1.00 1.00 1.00 1.00
1.00 1.00 1.00 1.00 1.00 1.00 0.25 0.00    0.00 0.00 0.00 0.00 0.00 0.00 0.72 1.00
1.00 1.00 1.00 0.78 0.00 0.00 0.00 0.00    0.00 0.00 0.00 0.00 0.00 0.00 0.00 0.00

0.00 0.50 1.00 1.00 1.00 1.00 1.00 1.00    1.00 1.00 1.00 1.00 1.00 1.00 1.00 1.00
1.00 1.00 1.00 1.00 1.00 1.00 1.00 1.00    1.00 1.00 1.00 1.00 1.00 1.00 1.00 1.00
1.00 1.00 1.00 1.00 1.00 1.00 1.00 1.00    1.00 0.18 0.00 0.00 0.00 0.00 0.00 0.50



1.00 1.00 1.00 1.00 1.00 1.00 1.00 1.00    1.00 1.00 1.00 1.00 1.00 0.66 0.66 0.83
0.00 0.00 0.00 0.00 0.00 0.00 0.00 0.00    0.00 0.00 0.00 0.00 0.00 0.00 0.00 0.00
0.00 0.00 0.33 1.00 1.00 1.00 1.00 1.00    1.00 1.00 1.00 1.00 1.00 1.00 1.00 1.00

1.00 1.00 1.00 1.00 1.00 1.00 1.00 1.00    1.00 1.00 1.00 1.00 1.00 0.66 0.66 0.83
0.00 0.00 0.00 0.00 0.00 0.00 0.00 0.00    0.00 0.00 0.00 0.00 0.00 0.00 0.00 0.00
0.00 0.20 0.00 0.00 0.00 0.00 0.00 0.00    0.00 0.00 0.00 0.00 0.00 1.00 1.00 1.00

1.00 1.00 1.00 1.00 1.00 1.00 1.00 1.00    1.00 1.00 1.00 1.00 1.00 0.66 0.66 0.83
0.00 0.00 0.00 0.00 0.00 0.00 0.00 0.00    0.00 0.00 0.00 0.00 0.00 0.00 0.00 0.00
0.00 0.00 0.82 0.20 0.00 0.00 0.00 0.00    0.00 0.00 0.00 0.00 0.00 0.00 0.76 1.00

1.00 1.00 1.00 1.00 1.00 1.00 1.00 1.00    1.00 1.00 1.00 1.00 1.00 0.66 0.66 0.83
1.00 1.00 0.00 0.00 0.00 0.00 0.00 0.00    0.00 0.00 0.62 1.00 1.00 1.00 1.00 1.00
1.00 1.00 1.00 1.00 1.00 1.00 1.00 1.00    1.00 1.00 1.00 1.00 1.00 1.00 1.00 1.00

1.00 1.00 1.00 1.00 1.00 1.00 1.00 1.00    1.00 1.00 1.00 1.00 1.00 0.66 0.66 0.83
0.00 0.00 0.00 0.00 0.00 0.00 0.00 0.00    0.00 0.00 0.00 0.00 0.42 0.00 0.00 0.00
0.00 0.00 0.00 0.00 0.00 0.00 0.00 0.00    0.00 0.00 0.00 0.00 0.00 0.00 0.00 0.00

0.00 0.00 0.00 0.00 0.00 0.00 0.00 0.00    0.00 0.00 0.00 0.00 0.00 0.00 0.00 0.00
0.00 0.00 0.00 0.00 0.00 0.00 0.00 0.00    0.00 0.00 0.00 0.00 0.00 0.00 0.00 0.00
0.00 0.00 0.00 0.00 0.00 0.00 0.00 0.00    0.00 0.00 0.00 0.00 0.00 0.00 0.00 0.00

0.00 0.00 0.00 0.00 0.00 0.00 0.00 0.00    0.00 0.00 0.00 0.00 0.00 0.00 0.00 0.00
0.00 0.00 0.00 0.00 0.00 0.00 0.00 0.00    0.00 0.00 0.00 0.00 0.00 0.00 0.00 0.00
0.00 0.00 0.00 0.00 0.00 0.00 0.00 0.00    0.00 0.00 0.22 1.00 1.00 1.00 1.00 1.00