1.0  1.0  1.0  1.0  1.0  1.0  1.0  1.0  1.0  1.0  1.0  1.0  1.0  1.0  1.0  0.66 0.0  0.0  0.0  0.0  0.0    0.0  0.0   0.0   0.0   0.0   0.0  0.0    0.0   0.0    0.0   0.0   0.0   0.33  1.0   1.0   1.0   1.0   1.0   1.0   1.0   1.0   1.0   1.0   1.0   1.0    1.0  1.0
1.0  1.0  1.0  1.0  1.0  1.0  1.0  1.0  1.0  1.0  1.0  1.0  1.0  1.0  1.0  1.0  0.66 0.0  0.0  0.0  0.0    0.0  0.0   0.0   0.0   0.0   0.0  0.0    0.0   0.0    0.0   0.0   0.0   0.00  0.0   0.66  1.0   1.0   1.0   1.0   1.0   1.0   1.0   1.0   1.0   1.0    1.0  1.0
1.0  1.0  1.0  1.0  1.0  1.0  1.0  1.0  1.0  1.0  1.0  1.0  1.0  1.0  1.0  0.66 0.0  0.0  0.0  0.0  0.0    0.0  0.0   0.0   0.0   0.0   0.0  0.0    0.0   0.0    0.0   0.0   0.0   0.0   0.0   0.0   0.0   0.0   0.0   0.0   0.0   0.0   0.0   0.0   0.0   0.33   1.0  1.0
1.0  1.0  1.0  1.0  1.0  1.0  1.0  1.0  1.0  1.0  1.0  1.0  1.0  1.0  1.0  1:0  0.33 0.0  0.0  0.0  0.0    0.0  0.0   0.0   0.0   0.0   0.0  0.0    0.0   0.0    0.0   0.0   0.0   0.0   0.33  1.0   1.0   1.0   1.0   1.0   1.0   1.0   1.0   1.0   1.0   1.0    1.0  1.0
1.0  1.0  1.0  1.0  1.0  1.0  1.0  1.0  1.0  1.0  1.0  1.0  1.0  1.0  1.0  0.66 0.0  0.0  0.0  0.0  0.0    0.0  0.0   0.0   0.0   0.0   0.0  0.0    0.0   0.0    0.0   0.0   0.0   0.33  1.0   0.33  0.0   0.66  1.0   1.0   1.0   1.0   1.0   1.0   1.0   1.0    1.0  1.0
1.0  1.0  1.0  1.0  1.0  1.0  1.0  1.0  1.0  1.0  1.0  1.0  1.0  1.0  1.0  1.0  1.0  1.0  1.0  1.0  1.0    1.0  1.0   1.0   1.0   1.0   1.0  1.0    1.0   1.0    1.0   1.0   1.0   1.0   1.0   1.0   1.0   1.0   1.0   1.0   1.0   1.0   1.0   1.0   1.0   1.0    1.0  1.0
1.0  1.0  1.0  1.0  1.0  1.0  1.0  1.0  1.0  1.0  1.0  1.0  1.0  1.0  1.0  1.0  1.0  1.0  1.0  1.0  1.0    1.0  1.0   1.0   1.0   1.0   1.0  1.0    1.0   1.0    1.0   1.0   1.0   1.0   1.0   1.0   1.0   0.0   0.0   0.0   0.0   0.0   0.0   0.0   0.0   0.0    0.33 1.0

1.0  1.0  1.0  1.0  1.0  1.0  1.0  1.0  1.0  1.0  1.0  1.0  1.0  1.0  1.0  1.0  1.0  0.66 0.0  0.0  0.0    0.0  0.0   0.0   0.0   0.0   0.0  0.0    0.0   0.0    0.0   0.0   0.33   1.0  1.0   1.0   1.0   1.0   1.0   1.0   1.0   1.0   1.0   1.0   1.0   1.0    1.0  1.0
1.0  1.0  1.0  1.0  1.0  1.0  1.0  1.0  1.0  1.0  1.0  1.0  1.0  1.0  1.0  1.0  0.33 0.0  0.0  0.0  0.0    0.0  0.0   0.0   0.0   0.0   0.0  0.0    0.0   0.0    0.0   0.0   0.0   0.66  1.0   1.0   1.0   1.0   1.0   1.0   1.0   1.0   1.0   1.0   1.0   1.0    1.0  1.0
1.0  1.0  1.0  1.0  1.0  1.0  1.0  1.0  1.0  1.0  1.0  1.0  1.0  1.0  1.0  0.66 0.0  0.0  0.0  0.0  0.0    0.0  0.0   0.0   0.0   0.0   0.0  0.0    0.0   0.0    0.0   0.0   0.0   0.0   0.0   0.0   0.0   0.0   0.0   0.0   0.0   0.0   0.0   0.0   0.0   0.33   1.0  1.0
1.0  1.0  1.0  1.0  1.0  1.0  1.0  1.0  1.0  1.0  1.0  1.0  1.0  1.0  1.0  0.66 0.0  0.0  0.0  0.0  0.0    0.0  0.0   0.0   0.0   0.0   0.0  0.0    0.0   0.0    0.0   0.0   0.0   0.0   0.0   0.33  1.0   1.0   1.0   0.66  0.0   1.0   1.0   1.0   1.0   1.0    1.0  1.0
1.0  1.0  1.0  1.0  1.0  1.0  1.0  1.0  1.0  1.0  1.0  1.0  1.0  1.0  1.0  0.66 0.0  0.0  0.0  0.0  0.0    0.0  0.0   0.0   0.0   0.0   0.0  0.0    0.0   0.0    0.0   0.0   0.0   0.0   0.0   0.0   0.0   0.0   0.0   0.0   0.0   0.0   0.0   0.0   0.0   0.0    0.0  0.0
0.0  0.0  0.0  0.0  0.0  0.0  0.0  0.0  0.0  0.0  0.0  0.0  0.0  0.0  0.0  0.0  0.0  0.0  0.0  0.0  0.0    0.0  0.0   0.0   0.0   0.0   0.0  0.0    0.0   0.0    0.0   0.0   0.0   0.0   0.0   0.0   0.0   0.0   0.0   0.0   0.0   0.0   0.0   0.0   0.0   0.0    0.0  0.0
0.0  0.0  0.0  0.0  0.0  0.0  0.0  0.0  0.0  0.0  0.0  0.0  0.0  0.0  0.0  0.0  0.0  0.0  0.0  0.0  0.0    0.0  0.0   0.0   0.0   0.0   0.0  0.0    0.33  1.0    1.0   1.0   1.0   1.0   1.0   1.0   1.0   1.0   1.0   1.0   1.0   1.0   1.0   1.0   1.0   1.0    1.0  1.0

1.0  1.0  1.0  1.0  1.0  1.0  1.0  1.0  1.0  1.0  1.0  1.0  1.0  1.0  1.0  0.66 0.0  0.0  0.0  0.0  0.0    0.0  0.0   0.0   0.0   0.0   0.0  0.0    0.0   0.66   0.0   0.0   1.0   1:0   1.0   1.0   1.0   1.0   1.0   1.0   1.0   1.0   1.0   1.0   1.0   1.0    1.0  1.0
1.0  1.0  1.0  1.0  1.0  1.0  1.0  1.0  1.0  1.0  1.0  1.0  1.0  1.0  1.0  0.66 0.0  0.0  0.0  0.0  0.0    0.0  0.0   0.0   0.0   0.0   0.0  0.0    0.0   0.0    0.0   0.0   0.0   0.66  1.0   1.0   1.0   1.0   1.0   1.0   1.0   1.0   1.0   1.0   1.0   1.0    1.0  1.0
1.0  1.0  1.0  1.0  1.0  1.0  1.0  1.0  1.0  1.0  1.0  1.0  1.0  1.0  1.0  0.66 0.0  0.0  0.0  0.0  0.0    0.0  0.0   0.0   0.0   0.0   0.0  0.0    0.0   0.0    0.0   0.0   0.0   0.0   0.0   0.0   0.0   0.0   0.0   0.0   0.0   0.0   0.0   0.0   0.0   0.33   1.0  1.0
1.0  1.0  1.0  1.0  1.0  1.0  1.0  1.0  1.0  1.0  1.0  1.0  1.0  1.0  1.0  1:0  0.33 0.0  0.0  0.0  0.0    0.0  0.0   0.0   0.0   0.0   0.0  0.0    0.0   0.0    0.0   0.0   0.0   0.0   0.33  1.0   1.0   1.0   1.0   1.0   1.0   1.0   1.0   1.0   1.0   1.0    1.0  1.0
1.0  1.0  1.0  1.0  1.0  1.0  1.0  1.0  1.0  1.0  1.0  1.0  1.0  1.0  1.0  0.66 0.0  0.0  0.0  0.0  0.0    0.0  0.0   0.0   0.0   0.0   0.0  0.0    0.0   0.0    0.0   0.0   0.0   0.33  1.0   0.33  0.0   1.0   1.0   1.0   1.0   1.0   1.0   0.0   0.0   0.0    0.0  0.0
0.0  0.0  0.0  0.0  0.0  0.0  0.0  0.0  0.0  0.0  0.0  0.0  0.0  0.0  0.0  0.0  0.0  0.0  0.0  0.0  0.0    0.0  0.0   0.0   0.0   0.0   0.0  0.0    0.0   0.0    0.0   0.0   0.0   0.0   0.0   0.0   0.0   0.0   0.0   0.0   0.0   0.0   0.0   0.0   0.0   0.0    0.0  0.0
0.0  0.0  0.0  0.0  0.0  0.0  0.0  0.0  0.0  0.0  0.0  0.0  0.0  0.0  0.0  0.0  0.0  0.0  0.0  0.0  0.0    0.0  0.0   0.0   0.0   0.0   0.0  0.0    0.33  1.0    1.0   1.0   0.0   0.0   0.66  1.0   1.0   1.0   1.0   1.0   1.0   1.0   1.0   1.0   1.0   1.0    1.0  1.0